# Сохраните это как zeros_L101_25.txt
1.1642693218904339
2.9993519334138403
5.503954504854753
6.269516872722349
7.506059909525475
9.280980161473056
10.124137410845363
10.989791807333251
12.420396615783522
13.445433310991807
15.482634610758033
16.37407286332617
17.157780274954055
18.36003945142244
18.780782719240212
20.58113821570291
21.35744791111333
22.629110889661444
23.720220737070348
25.017260572068362
25.846089064558514
26.78695179585501
28.208481771375992
28.740740697481936
29.412372576340188